codigo_estacao,data,hora,temp_inst,temp_max,temp_min,umid_inst,umid_max,umid_min,pto_orvalho_inst,pto_orvalho_max,pto_orvalho_min,pressao,pressao_max,pressao_min,vento_direcao,vento_vel, vento_rajada,radiacao,precipitacao
A001,25/09/2016,00,21.7,22.0,21.0,66,75,66,15.1,16.4,15.1,888.4,888.4,888.0,1.8,343,4.6,-3.30,0.2
A001,25/09/2016,01,21.4,21.7,20.9,71,72,66,15.9,15.9,15.1,888.7,888.8,888.4,1.6,251,6.3,-3.28,0.0
A001,25/09/2016,02,21.0,21.5,21.0,73,74,70,16.1,16.2,15.6,888.2,888.7,888.2,1.3,305,2.9,-3.11,0.0
A001,25/09/2016,03,20.7,21.2,20.5,79,79,71,16.9,16.9,15.6,887.7,888.3,887.7,1.3,346,2.7,-3.28,0.0
A001,25/09/2016,04,20.9,21.0,20.3,74,80,71,16.0,16.7,15.4,887.1,887.7,887.1,1.2,284,2.6,-2.87,0.0
A001,25/09/2016,05,21.3,21.3,20.2,71,80,70,15.9,16.6,15.3,887.1,887.1,886.7,1.9,260,5.2,-2.58,0.0
A001,25/09/2016,06,18.7,21.3,18.7,81,81,71,15.4,15.8,15.4,887.0,887.2,886.9,3.1,181,7.3,-2.77,0.0
A001,25/09/2016,07,17.8,18.7,17.8,82,82,79,14.7,15.5,14.5,887.1,887.1,886.9,3.1,180,8.0,-2.63,0.0
A001,25/09/2016,08,17.3,17.8,17.3,88,88,82,15.3,15.3,14.8,886.9,887.2,886.8,3.1,111,6.6,-3.51,0.0
A001,25/09/2016,09,17.1,17.5,17.1,90,90,87,15.4,15.4,15.3,887.3,887.3,886.9,2.7,116,5.5,-3.40,0.0
A001,25/09/2016,10,17.7,17.7,17.1,86,90,86,15.4,15.5,15.2,887.9,887.9,887.3,0.8,99,4.4,126.0,0.0
A001,25/09/2016,11,19.0,19.0,17.7,80,87,80,15.5,16.0,15.3,888.2,888.3,887.9,0.6,126,2.7,636.6,0.0
A001,25/09/2016,12,21.1,21.2,19.0,70,80,70,15.4,16.1,15.3,888.7,888.7,888.2,0.9,53,2.5,1158.,0.0
A001,25/09/2016,13,23.5,23.6,21.1,59,71,58,14.9,15.8,14.7,888.6,888.8,888.6,1.2,317,3.1,2218.,0.0
A001,25/09/2016,14,24.1,24.7,23.5,55,59,48,14.6,15.4,13.0,888.2,888.6,888.2,2.7,260,5.8,1147.,0.0
A001,25/09/2016,15,24.9,25.2,23.8,56,60,54,15.4,15.8,14.5,887.4,888.2,887.4,1.9,184,5.8,1571.,0.0
A001,25/09/2016,16,25.6,25.9,24.6,45,56,44,12.9,15.7,12.2,886.5,887.5,886.5,2.4,221,5.5,2457.,0.0
A001,25/09/2016,17,27.7,27.8,25.5,38,49,36,11.9,14.3,10.8,885.2,886.5,885.2,2.6,228,7.4,3311.,0.0
A001,25/09/2016,18,28.8,29.1,27.2,33,39,33,11.0,13.0,9.9,884.0,885.2,884.0,3.4,208,7.4,2814.,0.0
A001,25/09/2016,19,28.3,28.8,27.5,33,36,31,10.4,11.5,9.7,883.8,884.0,883.7,2.8,213,7.7,2161.,0.0
A001,25/09/2016,20,27.1,28.7,27.1,38,38,32,11.4,11.7,9.9,884.0,884.1,883.7,2.7,195,5.9,977.3,0.0
A001,25/09/2016,21,26.0,27.1,26.0,43,43,37,12.4,12.6,11.2,884.4,884.4,883.9,1.7,197,5.9,241.2,0.0
A001,25/09/2016,22,23.3,26.0,23.3,62,62,43,15.6,15.6,12.6,884.9,884.9,884.4,2.4,2,5.3,0.728,0.0
A001,25/09/2016,23,20.4,23.2,20.4,80,80,62,16.9,17.1,15.7,886.0,886.0,884.9,2.8,20,8.5,-1.50,0.0
A001,26/09/2016,00,20.0,20.4,20.0,84,84,80,17.2,17.2,16.8,886.5,886.5,886.0,3.6,10,6.5,-3.36,0.0
A001,26/09/2016,01,20.0,20.1,19.9,82,84,81,16.9,17.1,16.7,887.0,887.1,886.4,0.8,21,5.4,-3.49,0.0
A001,26/09/2016,02,19.2,20.0,19.1,87,89,82,17.1,17.4,16.8,886.8,887.0,886.6,2.7,335,4.9,-3.30,0.2
A001,26/09/2016,03,19.0,19.3,18.9,87,87,86,16.8,17.1,16.8,886.3,886.8,886.2,1.9,328,6.1,-3.54,0.0
A001,26/09/2016,04,19.3,19.7,18.9,82,88,80,16.1,17.0,16.0,886.1,886.9,886.1,2.2,6,4.6,-3.20,0.0
A001,26/09/2016,05,18.8,19.3,18.7,85,86,82,16.2,16.4,16.1,885.9,886.2,885.9,2.2,15,4.2,-3.30,0.0
A001,26/09/2016,06,17.7,18.8,17.6,88,89,85,15.8,16.2,15.7,885.8,886.0,885.7,1.6,346,3.7,-3.54,0.0
A001,26/09/2016,07,17.6,17.7,17.4,90,90,88,15.9,16.0,15.7,885.5,885.8,885.5,2.0,346,3.2,-3.53,0.0
A001,26/09/2016,08,17.1,17.7,17.1,91,91,89,15.7,15.9,15.6,885.7,885.7,885.4,1.9,316,3.1,-3.54,0.0
A001,26/09/2016,09,16.8,17.2,16.8,91,91,90,15.3,15.8,15.2,886.1,886.1,885.7,1.8,298,3.4,-3.46,0.0
A001,26/09/2016,10,17.9,17.9,16.7,83,91,83,15.1,15.3,14.9,886.6,886.6,886.1,1.8,307,3.8,150.9,0.0
A001,26/09/2016,11,19.3,19.3,18.0,81,83,80,16.0,16.0,15.0,887.3,887.3,886.6,2.1,310,4.1,584.5,0.0
A001,26/09/2016,12,21.8,21.8,19.3,71,81,70,16.2,16.7,15.6,887.6,887.6,887.3,2.1,296,4.7,1285.,0.0
A001,26/09/2016,13,24.5,24.5,21.7,59,72,58,15.9,16.6,15.2,887.7,887.8,887.6,3.1,330,5.5,2525.,0.0
A001,26/09/2016,14,25.8,25.9,24.3,49,59,48,14.3,15.8,14.1,887.3,887.7,887.3,2.3,324,5.5,3135.,0.0
A001,26/09/2016,15,26.7,28.1,25.8,42,49,38,12.7,15.1,11.8,886.5,887.3,886.5,2.0,177,4.9,3307.,0.0
A001,26/09/2016,16,26.3,27.1,26.2,46,47,41,13.7,14.1,12.4,885.7,886.5,885.7,2.0,347,4.7,966.5,0.0
A001,26/09/2016,17,23.7,26.8,22.6,57,60,43,14.8,16.0,13.2,885.2,885.7,885.2,6.2,359,10.8,1675.,0.0
A001,26/09/2016,18,25.7,26.3,23.2,41,58,41,11.6,14.8,11.5,884.7,885.2,884.7,4.7,334,10.8,2137.,0.0
A001,26/09/2016,19,25.0,27.1,25.0,54,54,41,15.0,15.0,11.7,884.4,884.7,884.3,4.0,6,8.4,1525.,0.0
A001,26/09/2016,20,19.4,24.9,19.4,73,82,54,14.3,17.3,14.3,885.1,885.3,884.4,3.8,331,7.5,143.4,13.8
A001,26/09/2016,21,19.7,20.5,17.9,81,87,70,16.3,16.9,14.2,885.3,885.5,884.9,2.0,82,7.5,109.0,7.6
A001,26/09/2016,22,19.5,20.5,19.1,81,85,71,16.1,16.8,14.9,885.3,885.4,885.0,2.2,347,6.0,22.51,1.2
A001,26/09/2016,23,19.6,19.6,18.4,78,86,78,15.6,16.5,15.3,886.0,886.0,885.3,1.8,299,3.4,-2.46,0.0
A001,27/09/2016,00,19.9,20.2,19.3,75,79,72,15.3,15.7,14.8,886.5,886.6,886.0,1.8,13,3.8,1.070,0.0
A001,27/09/2016,01,19.3,19.9,19.1,76,82,75,15.1,16.0,15.0,886.9,887.0,886.5,1.7,317,3.4,-1.50,0.0
A001,27/09/2016,02,19.0,19.7,18.7,83,83,75,16.0,16.0,14.9,887.1,887.1,886.9,0.6,42,2.5,-3.43,0.0
A001,27/09/2016,03,18.1,19.8,17.7,89,89,77,16.3,16.3,15.4,886.8,887.2,886.8,0.5,329,2.5,-3.52,0.0
A001,27/09/2016,04,17.0,18.2,17.0,91,91,88,15.5,16.5,15.4,886.4,886.8,886.4,1.5,321,1.8,-3.52,0.0
A001,27/09/2016,05,18.0,18.0,16.8,83,91,83,15.0,15.6,14.8,885.9,886.4,885.9,1.8,279,2.5,-3.54,0.0
A001,27/09/2016,06,16.5,18.3,16.5,89,89,80,14.8,15.0,14.3,885.8,885.9,885.7,0.7,11,2.5,-3.54,0.0
A001,27/09/2016,07,17.0,18.2,16.6,88,90,85,14.9,15.7,14.8,885.9,885.9,885.7,1.9,1,2.3,-3.54,0.0
A001,27/09/2016,08,17.2,17.9,16.9,81,88,79,14.0,14.9,13.9,886.2,886.2,885.9,1.6,314,2.5,-3.54,0.0
A001,27/09/2016,09,16.5,17.4,16.0,87,87,81,14.3,14.4,13.7,886.9,886.9,886.2,1.7,329,2.4,-3.33,0.0
A001,27/09/2016,10,18.9,18.9,16.4,77,87,77,14.7,15.0,14.1,887.4,887.4,886.9,1.5,327,2.4,226.4,0.0
A001,27/09/2016,11,21.5,21.6,18.9,66,78,66,14.8,15.9,14.8,888.2,888.2,887.4,1.2,270,3.2,1015.,0.0
A001,27/09/2016,12,24.1,24.4,21.5,48,67,48,12.4,15.5,12.4,888.9,888.9,888.2,1.5,252,3.7,1899.,0.0
A001,27/09/2016,13,25.0,25.3,24.0,47,51,46,12.9,13.5,12.2,889.0,889.1,888.9,1.8,202,3.7,2647.,0.0
A001,27/09/2016,14,26.3,26.5,24.8,42,50,41,12.2,14.4,12.0,888.7,889.0,888.7,1.4,214,4.4,3238.,0.0
A001,27/09/2016,15,26.8,27.5,25.9,41,44,37,12.6,13.2,10.9,888.1,888.7,888.1,2.7,139,5.2,3262.,0.0
A001,27/09/2016,16,27.6,28.2,26.4,39,44,37,12.6,13.6,12.0,887.1,888.2,887.1,2.8,130,7.6,2560.,0.0
A001,27/09/2016,17,28.4,28.6,27.2,32,41,32,10.2,12.9,10.2,886.2,887.1,886.2,2.1,178,5.2,1919.,0.0
A001,27/09/2016,18,29.2,29.6,27.8,28,35,27,8.9,11.2,8.7,885.1,886.2,885.1,2.0,192,4.9,1520.,0.0
A001,27/09/2016,19,29.5,30.1,28.5,25,30,25,7.5,9.6,7.3,884.8,885.2,884.7,3.3,169,6.8,2081.,0.0
A001,27/09/2016,20,29.2,29.9,28.6,24,29,23,6.5,8.7,5.9,884.8,884.9,884.8,3.1,212,6.9,1048.,0.0
A001,27/09/2016,21,27.5,29.2,27.5,29,29,23,7.8,8.4,6.2,885.2,885.2,884.8,2.3,175,5.9,347.7,0.0
A001,27/09/2016,22,25.7,27.5,25.7,35,36,29,9.3,9.3,7.6,885.8,885.8,885.2,1.4,174,5.1,2.135,0.0
A001,27/09/2016,23,24.7,26.1,24.7,42,42,33,10.9,11.1,8.6,886.5,886.5,885.8,2.6,108,4.7,-3.54,0.0
A001,28/09/2016,00,23.9,24.8,23.9,52,52,42,13.5,13.5,11.3,887.4,887.4,886.5,2.0,100,5.5,-3.54,0.0
A001,28/09/2016,01,22.2,24.1,22.2,59,59,51,13.9,14.1,13.3,887.9,887.9,887.4,1.0,78,4.5,-3.54,0.0
A001,28/09/2016,02,22.4,22.9,20.2,59,71,56,14.0,14.9,13.5,888.2,888.2,887.9,1.3,103,3.7,-3.54,0.0
A001,28/09/2016,03,22.2,22.4,20.3,60,73,59,14.0,15.3,13.3,887.7,888.2,887.7,1.2,112,2.5,-3.53,0.0
A001,28/09/2016,04,20.9,22.8,20.9,65,65,56,14.2,14.3,13.5,887.3,887.7,887.3,2.2,25,4.9,-3.53,0.0
A001,28/09/2016,05,20.4,20.9,19.6,70,72,66,14.7,14.7,14.2,886.8,887.3,886.7,1.7,39,3.6,-3.54,0.0
A001,28/09/2016,06,17.9,20.4,17.8,82,82,70,14.7,15.0,14.3,886.6,886.8,886.6,0.5,314,3.6,-3.54,0.0
A001,28/09/2016,07,17.4,18.1,17.4,84,85,81,14.7,15.1,14.4,886.6,886.6,886.5,0.9,353,1.7,-3.54,0.0
A001,28/09/2016,08,19.2,19.3,17.0,73,86,73,14.3,14.9,14.3,886.9,886.9,886.6,1.7,46,3.3,-3.54,0.0
A001,28/09/2016,09,16.7,19.2,16.7,84,84,73,14.1,14.3,13.6,887.7,887.7,886.9,0.9,299,3.3,-3.33,0.0
A001,28/09/2016,10,20.1,20.1,16.7,72,85,72,15.0,15.0,14.0,888.3,888.3,887.7,1.8,35,3.6,231.4,0.0
A001,28/09/2016,11,21.3,21.3,20.0,69,74,69,15.4,15.9,14.9,889.1,889.1,888.3,2.1,22,4.5,1043.,0.0
A001,28/09/2016,12,23.7,23.7,21.3,61,69,60,15.7,15.9,15.1,889.6,889.7,889.1,2.7,34,5.0,1937.,0.0
A001,28/09/2016,13,25.3,25.3,23.3,50,61,50,14.2,15.7,14.2,889.8,889.9,889.6,3.1,23,6.0,2743.,0.0
A001,28/09/2016,14,26.5,27.0,25.3,45,51,44,13.7,14.8,13.3,889.4,889.8,889.4,2.1,94,5.9,3275.,0.0
A001,28/09/2016,15,27.4,28.1,25.6,41,48,39,13.0,14.6,12.3,888.9,889.4,888.9,3.3,71,7.0,3067.,0.0
A001,28/09/2016,16,28.4,29.2,27.2,37,41,33,12.1,13.3,10.6,888.0,888.9,888.0,3.2,69,7.0,3397.,0.0
A001,28/09/2016,17,28.8,29.8,28.0,37,38,33,12.7,13.2,11.1,887.3,888.0,887.3,3.3,39,7.6,3353.,0.0
A001,28/09/2016,18,29.4,29.9,28.7,34,38,32,11.9,12.8,11.1,886.3,887.3,886.3,3.3,12,7.0,3061.,0.0
A001,28/09/2016,19,27.8,29.4,27.8,37,38,34,11.8,12.4,11.2,886.2,886.6,886.1,2.3,11,7.0,802.2,0.0
A001,28/09/2016,20,27.0,27.9,25.8,42,46,35,13.1,13.4,10.8,886.0,886.4,886.0,1.4,229,5.3,317.0,0.0
A001,28/09/2016,21,26.3,27.4,26.2,41,46,38,11.8,13.8,11.6,886.3,886.4,886.0,2.2,90,4.0,247.7,0.0
A001,28/09/2016,22,25.3,26.3,25.2,48,48,40,13.5,13.5,11.7,886.6,886.6,886.3,1.4,65,4.0,5.186,0.0
A001,28/09/2016,23,24.7,25.4,24.6,50,51,47,13.6,13.8,13.3,887.1,887.1,886.6,1.8,45,4.0,-3.54,0.0
A001,29/09/2016,00,22.2,24.7,22.2,59,59,50,13.8,14.1,13.5,887.7,887.7,887.1,1.4,340,2.9,-3.54,0.0
A001,29/09/2016,01,21.2,22.3,21.2,65,65,59,14.5,14.5,13.6,888.1,888.1,887.7,1.9,355,3.3,-3.54,0.0
A001,29/09/2016,02,21.2,21.8,20.8,64,67,62,14.0,14.7,14.0,887.8,888.1,887.8,2.3,2,3.4,-3.54,0.0
A001,29/09/2016,03,20.8,21.6,20.3,64,69,61,13.8,14.4,13.7,887.6,887.8,887.6,1.6,316,3.2,-3.54,0.0
A001,29/09/2016,04,20.2,20.8,20.1,67,67,64,13.9,13.9,13.5,887.4,887.6,887.4,1.5,300,3.1,-3.54,0.0
A001,29/09/2016,05,19.8,20.6,19.5,69,70,65,14.0,14.0,13.5,886.9,887.4,886.9,1.2,248,2.8,-3.54,0.0
A001,29/09/2016,06,20.4,21.0,19.8,69,70,65,14.7,14.7,14.0,886.4,887.0,886.4,1.9,223,4.8,-3.08,0.0
A001,29/09/2016,07,18.9,20.6,18.9,77,78,69,14.8,15.2,14.3,886.4,886.5,886.3,0.9,2,3.2,-3.54,0.0
A001,29/09/2016,08,18.5,19.0,18.4,79,83,76,14.7,15.6,14.6,886.5,886.5,886.3,1.5,359,2.4,-3.53,0.0
A001,29/09/2016,09,18.0,18.8,18.0,81,82,78,14.7,15.3,14.6,886.8,886.8,886.5,0.7,12,2.3,-3.19,0.0
A001,29/09/2016,10,20.1,20.1,17.9,75,85,75,15.6,16.5,14.8,887.7,887.7,886.8,0.8,256,1.4,164.3,0.0
A001,29/09/2016,11,22.6,22.6,20.1,66,75,65,16.0,16.5,15.3,888.3,888.3,887.7,0.8,169,1.6,481.7,0.0
A001,29/09/2016,12,24.8,24.8,22.3,53,67,52,14.6,16.1,13.9,888.7,888.7,888.3,1.9,20,3.8,1939.,0.0
A001,29/09/2016,13,26.2,26.7,24.4,47,54,46,14.1,15.0,13.8,888.5,888.8,888.5,3.7,21,7.6,2810.,0.0
A001,29/09/2016,14,27.3,27.4,25.2,46,51,44,14.8,14.9,13.4,887.9,888.5,887.9,3.9,356,7.4,2292.,0.0
A001,29/09/2016,15,27.2,27.7,25.8,45,49,42,14.1,14.6,13.3,887.2,888.0,887.2,2.9,326,7.0,1663.,0.0
A001,29/09/2016,16,27.6,29.3,26.6,42,46,38,13.5,14.5,12.4,886.2,887.2,886.2,2.7,324,6.6,2909.,0.0
A001,29/09/2016,17,23.2,27.6,22.7,66,68,40,16.4,16.6,12.3,885.3,886.3,885.3,2.3,139,6.6,383.7,0.0
A001,29/09/2016,18,24.5,24.6,23.2,53,71,52,14.3,17.9,13.9,884.7,885.4,884.7,1.9,290,6.5,682.5,0.0
A001,29/09/2016,19,27.6,28.0,24.4,39,54,39,12.6,14.7,12.5,883.9,884.7,883.9,1.9,5,3.8,1726.,0.0
A001,29/09/2016,20,27.7,29.6,27.4,43,43,33,14.0,14.0,11.4,883.8,883.9,883.7,2.7,170,5.1,1575.,0.0
A001,29/09/2016,21,25.0,27.9,25.0,53,53,41,14.7,15.0,13.5,884.1,884.1,883.8,2.6,90,7.5,379.9,0.0
A001,29/09/2016,22,23.0,25.1,23.0,61,61,51,15.0,15.1,14.4,884.9,884.9,884.1,4.6,346,8.4,1.569,0.0
A001,29/09/2016,23,22.0,23.0,21.9,61,64,60,14.1,15.2,14.1,884.8,884.9,884.7,2.3,12,8.4,-3.54,0.0
A001,30/09/2016,00,21.1,22.1,21.1,62,65,60,13.7,14.5,13.7,885.1,885.1,884.8,1.3,10,3.6,-3.54,0.0
A001,30/09/2016,01,19.5,21.8,19.5,68,68,61,13.4,14.7,13.4,885.6,885.6,885.1,1.4,330,2.2,-3.54,0.0
A001,30/09/2016,02,21.3,21.4,19.3,66,75,64,14.6,15.8,13.6,885.9,885.9,885.6,1.4,133,2.8,-2.73,0.0
A001,30/09/2016,03,20.9,21.6,19.9,71,74,63,15.4,15.4,13.9,885.7,886.0,885.7,2.1,43,3.8,-3.54,0.0
A001,30/09/2016,04,20.8,21.4,19.6,64,77,62,13.9,15.7,13.7,885.2,885.7,885.2,2.0,23,3.8,-3.54,0.0
A001,30/09/2016,05,19.3,20.8,19.2,70,72,65,13.7,14.1,13.5,885.0,885.2,884.9,1.1,326,3.4,-3.51,0.0
A001,30/09/2016,06,18.3,19.7,18.1,74,75,69,13.6,14.3,13.6,884.4,885.0,884.4,1.8,291,2.5,-3.54,0.0
A001,30/09/2016,07,19.0,19.3,18.3,72,77,70,13.9,14.7,13.4,884.3,884.4,884.3,1.6,357,2.8,-3.54,0.0
A001,30/09/2016,08,19.1,19.1,18.1,70,74,70,13.6,14.0,13.3,884.6,884.6,884.1,1.6,290,2.3,-3.36,0.0
A001,30/09/2016,09,20.5,20.5,19.1,66,71,65,13.8,13.8,13.5,885.5,885.5,884.6,1.6,268,3.9,-1.58,0.0
A001,30/09/2016,10,21.1,21.1,20.4,67,68,66,14.8,14.9,13.8,886.1,886.1,885.5,1.6,253,4.7,131.7,0.0
A001,30/09/2016,11,21.3,21.4,21.0,67,68,66,15.0,15.0,14.7,886.7,886.7,886.1,1.7,304,4.8,119.9,0.0
A001,30/09/2016,12,21.3,21.7,20.5,70,75,65,15.6,16.1,14.7,887.4,887.4,886.7,1.1,15,3.6,274.3,0.0
A001,30/09/2016,13,22.4,22.4,21.3,67,71,64,15.9,16.0,15.0,887.9,887.9,887.4,2.7,356,4.4,494.9,0.0
A001,30/09/2016,14,25.4,25.4,22.3,51,67,51,14.6,15.9,13.9,887.6,888.0,887.6,3.2,327,5.6,1210.,0.0
